UNITS MM,10000;
EDIT proj;
ADD P1 :W0.000000  17.1000,1.3853 17.0999,1.3853 17.0999,-0.0853 17.1000,-0.0853 18.5847,-0.0205 20.0581,0.1735 21.5091,0.4952 22.9264,0.9421 24.2994,1.5108 25.6177,2.1970 26.8710,2.9955 28.0501,3.9002 29.1458,4.9042 30.1498,5.9999 31.0545,7.1790 31.8530,8.4323 32.5392,9.7506 33.1079,11.1236 33.5548,12.5409 33.8765,13.9919 34.0705,15.4653 34.1353,16.9500 34.0705,18.4347 33.8765,19.9081 33.5548,21.3591 33.1079,22.7764 32.5392,24.1494 31.8530,25.4677 31.0545,26.7210 30.1498,27.9001 29.1458,28.9958 28.0501,29.9998 26.8710,30.9045 25.6177,31.7030 24.2994,32.3892 22.9264,32.9579 21.5091,33.4048 20.0581,33.7265 18.5847,33.9205 17.1000,33.9853 15.6153,33.9205 14.1419,33.7265 12.6909,33.4048 11.2736,32.9579 9.9006,32.3892 8.5823,31.7030 7.3290,30.9045 6.1499,29.9998 5.0542,28.9958 4.0502,27.9001 3.1455,26.7210 2.3470,25.4677 1.6608,24.1494 1.0921,22.7764 0.6452,21.3591 0.3235,19.9081 0.1295,18.4347 0.0647,16.9500 0.1295,15.4653 0.3235,13.9919 0.6452,12.5409 1.0921,11.1236 1.6608,9.7506 2.3470,8.4323 3.1455,7.1790 4.0502,5.9999 5.0542,4.9042 6.1499,3.9002 7.3290,2.9955 8.5823,2.1970 9.9006,1.5108 11.2736,0.9421 12.6909,0.4952 14.1419,0.1735 15.6153,-0.0205 17.1000,-0.0853 17.1001,-0.0853 17.1001,1.3853 17.1000,1.3853 15.7434,1.4445 14.3972,1.6218 13.0716,1.9157 11.7766,2.3240 10.5221,2.8436 9.3176,3.4706 8.1725,4.2001 7.0952,5.0267 6.0941,5.9441 5.1767,6.9452 4.3501,8.0225 3.6206,9.1676 2.9936,10.3721 2.4740,11.6266 2.0657,12.9216 1.7718,14.2472 1.5945,15.5934 1.5353,16.9500 1.5945,18.3066 1.7718,19.6528 2.0657,20.9784 2.4740,22.2734 2.9936,23.5279 3.6206,24.7324 4.3501,25.8775 5.1767,26.9548 6.0941,27.9559 7.0952,28.8733 8.1725,29.6999 9.3176,30.4294 10.5221,31.0564 11.7766,31.5760 13.0716,31.9843 14.3972,32.2782 15.7434,32.4555 17.1000,32.5147 18.4566,32.4555 19.8028,32.2782 21.1284,31.9843 22.4234,31.5760 23.6779,31.0564 24.8824,30.4294 26.0275,29.6999 27.1048,28.8733 28.1059,27.9559 29.0233,26.9548 29.8499,25.8775 30.5794,24.7324 31.2064,23.5279 31.7260,22.2734 32.1343,20.9784 32.4282,19.6528 32.6055,18.3066 32.6647,16.9500 32.6055,15.5934 32.4282,14.2472 32.1343,12.9216 31.7260,11.6266 31.2064,10.3721 30.5794,9.1676 29.8499,8.0225 29.0233,6.9452 28.1059,5.9441 27.1048,5.0267 26.0275,4.2001 24.8824,3.4706 23.6779,2.8436 22.4234,2.3240 21.1284,1.9157 19.8028,1.6218 18.4566,1.4445;
ADD P1 :W0.000000  26.3745,30.4334 33.9245,43.3334 31.4755,44.7666 23.9255,31.8666 26.3745,30.4334;
  BEGIN_ASSOC
    ADD N1 :F1.000000 :R0 :T12345 'net=P3' 0.00, 0.00;
  END_ASSOC
ADD P1 :W0.000000  -13.9530,15.6720 1.0470,15.6720 1.0470,18.4995 -13.9530,18.4995;
  BEGIN_ASSOC
    ADD N1 :F1.000000 :R0 :T12345 'net=N__2' 0.00, 0.00;
  END_ASSOC
ADD P1 :W0.000000  33.0830,15.6220 48.0830,15.6220 48.0830,18.4495 33.0830,18.4495;
  BEGIN_ASSOC
    ADD N1 :F1.000000 :R0 :T12345 'net=N__6' 0.00, 0.00;
  END_ASSOC
ADD P1 :W0.000000  10.0614,31.8288 2.5114,44.3788 0.0886,42.9212 7.6386,30.3712 10.0614,31.8288;
  BEGIN_ASSOC
    ADD N1 :F1.000000 :R0 :T12345 'net=P2' 0.00, 0.00;
  END_ASSOC
SAVE;
